bebe 2039 0.21419585246799067 0.4671264974519602
niño 3520 0.1612855026023633 0.41145008138787564
bebe 4183 0.1762423801060956 -0.3526021731184788
niño 2712 0.4492687814714802 1.1187800813378683
bebe 690 0.5572534805717365 -1.8502980592620029
niña 1113 0.4651685563589567 -0.636503734755461
niña 3567 0.030940573752384237 -0.15352585494596316
niña 4112 0.15880417689296344 -1.1478598742527721
niño 3821 0.2861663256346253 -0.811102115812381
bebe 3900 0.7931847188252017 -1.6707989055124406
niño 282 0.6598817899542283 1.7422335921912067
niña 1836 0.6382554168643552 0.11623234469731837
niña 4123 0.7357120868387752 -1.586443119954883
bebe 4827 0.36310839041907406 -0.11321894357437826
bebe 4673 0.4740517217673371 0.8907350176722119
niño 458 0.35550289929065315 -0.7180855747104804
bebe 1596 0.9122350819233653 0.6092765073526167
bebe 328 0.8199871474900138 -0.18218582617073636
niña 3333 0.06528315988980438 1.4940147556336905
bebe 614 0.6833697061259949 -1.161553568894409
bebe 1329 0.1411169564513408 0.041145830649025404
niña 4472 0.10875151315527387 1.8011983741974464
niño 3017 0.6439716640013752 0.30695758254155747
niña 822 0.30141670544472254 -1.1818831985060299
bebe 497 0.8071119736433521 -0.8491965139481328
niña 3107 0.10877226949620378 -0.6074187906389412
niño 4787 0.627058676814088 1.806130269737536
bebe 1587 0.7630412252278965 -0.49276581393798813
niña 1710 0.302592770216326 -0.41306729931209213
niño 1716 0.2072259287429321 -0.7750518936768989
niña 1178 0.11153493170585027 0.48646853973260085
bebe 4839 0.853426465192214 -0.287930728269772
niña 4123 0.9719314471150747 0.5118238458929267
niña 3980 0.6450667505608368 -1.175505831561416
niña 1557 0.8567324856166633 2.2027096010052256
bebe 1217 0.8378512107769136 -1.1215405655015416
niña 1781 0.12938235549383492 -0.0027936771260058065
niño 2549 0.37158331163992553 0.27011699135927186
niña 2039 0.8752149018892719 -0.4465945822654734
bebe 1032 0.40637925779745243 -0.26882567934637475
niño 3562 0.38098943151270803 1.170766726165615
niña 3375 0.8114630698271652 0.09520091894731583
niño 636 0.025266649680651954 -0.044325532193770875
niña 2931 0.10421220981954293 1.6817337364062852
bebe 3164 0.24357812253147704 0.47522680164888265
niño 4277 0.7164889805862341 0.223384531190697
niña 1948 0.14067364350640232 1.552086027173251
niña 2052 0.9776383645752058 0.24364884221041666
niña 4746 0.6128796857619552 -0.5240236150691018
bebe 1275 0.9751090578303426 1.1912024150011242
